(0, 0, 0, (0.866701, 0.150835, 10.0221), (-0.00186421, 0.00266316, 0.00932106), (0, 0, 0), 3.72834e+11, 2020-11-10T10:02:32.765433601+01:00)
(0, 0, 0, (1.20907, 1.02472, 10.2448), (0.0066579, 0.0155795, -0.0376837), (0, 0, 0), 3.75404e+11, 2020-11-10T10:02:35.347676788+01:00)
(0, 0, 0, (-1.36469, 1.01993, 10.6183), (-0.0190416, -0.0218379, -0.0380832), (0, 0, 0), 3.78074e+11, 2020-11-10T10:02:38.009931721+01:00)
(0, 0, 0, (0.294487, 0.914585, 10.4603), (0.0105195, -0.0211721, -0.0436758), (0, 0, 0), 3.80674e+11, 2020-11-10T10:02:40.615215344+01:00)
(0, 0, 0, (0.28491, 0.428562, 10.2807), (-0.0113184, 0.0178432, -0.053929), (0, 0, 0), 3.83314e+11, 2020-11-10T10:02:43.258881138+01:00)
(0, 0, 0, (1.31202, -0.744597, 9.79947), (-0.00146474, -0.0142479, -0.0486027), (0, 0, 0), 3.85984e+11, 2020-11-10T10:02:45.924506956+01:00)
(0, 0, 0, (-1.20428, 0.191536, 10.9942), (-0.00812264, 0.0110521, -0.0471379), (0, 0, 0), 3.88744e+11, 2020-11-10T10:02:48.680953672+01:00)
(0, 0, 0, (0.521936, 0.37589, 10.5345), (-0.0111853, -0.0149137, -0.00905475), (0, 0, 0), 3.91424e+11, 2020-11-10T10:02:51.364245492+01:00)
(0, 0, 0, (0.502782, 0.507571, 10.173), (-0.00119842, -0.0456732, 0.00945422), (0, 0, 0), 3.94164e+11, 2020-11-10T10:02:54.102483875+01:00)
(0, 0, 0, (1.08697, -0.505177, 10.3597), (-0.0233027, -0.0314253, -0.0131826), (0, 0, 0), 3.96914e+11, 2020-11-10T10:02:56.856299001+01:00)
(0, 0, 0, (-1.50595, 0.581791, 10.0748), (-0.0115848, -0.0499343, -0.0105195), (0, 0, 0), 3.99734e+11, 2020-11-10T10:02:59.678963746+01:00)
(0, 0, 0, (1.20428, 0.97444, 10.1993), (-0.0251669, -0.0262321, -0.00958738), (0, 0, 0), 4.02554e+11, 2020-11-10T10:03:02.497521127+01:00)
(0, 0, 0, (1.17316, -0.0071826, 9.55286), (0.00066579, -0.00545948, 0.00972054), (0, 0, 0), 4.05314e+11, 2020-11-10T10:03:05.267690650+01:00)
(0, 0, 0, (1.71185, 0.577003, 10.6518), (0.0414122, -0.00732369, 0.01012), (0, 0, 0), 4.08174e+11, 2020-11-10T10:03:08.126869541+01:00)
(0, 0, 0, (2.03747, 0.869095, 10.3094), (-0.0258327, -0.0631169, 0.00066579), (0, 0, 0), 4.11184e+11, 2020-11-10T10:03:11.133139390+01:00)
(0, 0, 0, (-0.445322, 0.885855, 9.86411), (-0.0219711, 0.00972054, -0.0339553), (0, 0, 0), 4.14064e+11, 2020-11-10T10:03:14.009345328+01:00)
(0, 0, 0, (-0.071826, 0.550666, 10.319), (-0.0178432, 0.00652474, 0.0221042), (0, 0, 0), 4.16834e+11, 2020-11-10T10:03:16.778987750+01:00)
(0, 0, 0, (-2.69587, 0.280122, 10.331), (0.000798948, -0.00852212, 0.132359), (0, 0, 0), 4.19554e+11, 2020-11-10T10:03:19.497736588+01:00)
(0, 0, 0, (-0.837971, 0.711078, 10.0461), (-0.0447411, 0.0158458, 0.118378), (0, 0, 0), 4.22284e+11, 2020-11-10T10:03:22.229353959+01:00)
(0, 0, 0, (-1.55863, 0.421379, 10.7404), (0.0167779, -0.0158458, 0.0475374), (0, 0, 0), 4.25114e+11, 2020-11-10T10:03:25.062062838+01:00)
(0, 0, 0, (0.756568, -0.138864, 11.0684), (-0.0287621, -0.0106526, 0.00692422), (0, 0, 0), 4.27954e+11, 2020-11-10T10:03:27.903572955+01:00)
(0, 0, 0, (-0.699107, 0.888249, 10.6757), (-0.00998685, -0.0419448, -0.0928112), (0, 0, 0), 4.30774e+11, 2020-11-10T10:03:30.717903788+01:00)
(0, 0, 0, (-1.2402, 0.275333, 10.1682), (-0.0189084, 0.0502006, -0.105461), (0, 0, 0), 4.33544e+11, 2020-11-10T10:03:33.485919935+01:00)
(0, 0, 0, (0.691924, -0.23942, 10.7787), (0.00812264, -0.031159, 0.0721717), (0, 0, 0), 4.36324e+11, 2020-11-10T10:03:36.274897377+01:00)
(0, 0, 0, (3.07176, 0.399832, 10.7524), (0.0155795, -0.0225037, 0.145542), (0, 0, 0), 4.39194e+11, 2020-11-10T10:03:39.160278193+01:00)
(0, 0, 0, (-3.51708, -0.0837971, 10.5321), (0.0129163, -0.0735032, 0.148871), (0, 0, 0), 4.41984e+11, 2020-11-10T10:03:41.929121605+01:00)
(0, 0, 0, (3.11007, -1.78368, 9.37569), (-0.0276969, -0.0512659, 0.0816259), (0, 0, 0), 4.44834e+11, 2020-11-10T10:03:44.784720286+01:00)
(0, 0, 0, (-3.00951, -0.356736, 9.8282), (-0.00346211, -0.00599211, -0.00279632), (0, 0, 0), 4.47614e+11, 2020-11-10T10:03:47.563672108+01:00)
(0, 0, 0, (2.49955, -0.995988, 9.73961), (0.00732369, -0.00639159, -0.00186421), (0, 0, 0), 4.50464e+11, 2020-11-10T10:03:50.412968342+01:00)
(0, 0, 0, (-2.33674, 1.25696, 9.91918), (-0.01771, 0.033689, -0.00133158), (0, 0, 0), 4.53254e+11, 2020-11-10T10:03:53.199166048+01:00)
(0, 0, 0, (1.58975, 0.732626, 10.228), (0.0127832, 0.00932106, -0.0243679), (0, 0, 0), 4.55904e+11, 2020-11-10T10:03:55.857457975+01:00)
(0, 0, 0, (1.39343, -0.153229, 10.1538), (-0.0198405, 0.0253, -0.0374174), (0, 0, 0), 4.58604e+11, 2020-11-10T10:03:58.552526799+01:00)
(0, 0, 0, (-1.18034, -0.0071826, 10.5465), (-0.0161121, 0.0263653, -0.0195742), (0, 0, 0), 4.61314e+11, 2020-11-10T10:04:01.268037143+01:00)
(0, 0, 0, (-0.708684, 1.65918, 10.1658), (-0.0190416, -0.00625843, -0.00133158), (0, 0, 0), 4.64114e+11, 2020-11-10T10:04:04.067754949+01:00)
(0, 0, 0, (0.225055, 0.0885855, 10.1754), (-0.0145142, -0.0649811, -0.00759001), (0, 0, 0), 4.66914e+11, 2020-11-10T10:04:06.857352427+01:00)
(0, 0, 0, (-0.888249, 0.579397, 10.9654), (0.00199737, 0.0608532, 0.0378169), (0, 0, 0), 4.69754e+11, 2020-11-10T10:04:09.710019752+01:00)
(0, 0, 0, (-1.69749, 0.143652, 9.89763), (-0.0121174, 0.109722, 0.0238353), (0, 0, 0), 4.72474e+11, 2020-11-10T10:04:12.422985935+01:00)
(0, 0, 0, (-1.54665, -0.679953, 10.4842), (0.0171774, -0.03036, 0.127965), (0, 0, 0), 4.75244e+11, 2020-11-10T10:04:15.194133448+01:00)
(0, 0, 0, (-1.10133, 0.191536, 10.2831), (0.0312921, 0.0239685, 0.134223), (0, 0, 0), 4.77904e+11, 2020-11-10T10:04:17.853853762+01:00)
(0, 0, 0, (-0.998382, 0.373495, 10.307), (-0.0147805, 0.0194411, -0.0119842), (0, 0, 0), 4.80664e+11, 2020-11-10T10:04:20.613597167+01:00)
(0, 0, 0, (0.97444, -0.684742, 11.0588), (-0.0388822, -0.01518, -0.0865527), (0, 0, 0), 4.83454e+11, 2020-11-10T10:04:23.403700325+01:00)
(0, 0, 0, (-0.435745, -0.201113, 10.082), (0.00772317, -0.00306264, -0.0703075), (0, 0, 0), 4.86224e+11, 2020-11-10T10:04:26.169987384+01:00)
(0, 0, 0, (-2.38462, 0.435745, 9.33739), (0.015979, -0.064049, -0.0893491), (0, 0, 0), 4.88994e+11, 2020-11-10T10:04:28.948757533+01:00)
(0, 0, 0, (-0.976834, 1.00317, 10.5345), (-0.0183758, 0.0115848, -0.0612527), (0, 0, 0), 4.91694e+11, 2020-11-10T10:04:31.652133256+01:00)
(0, 0, 0, (-1.62566, -0.85473, 10.7452), (-0.00625843, 0.0145142, -0.00905475), (0, 0, 0), 4.94544e+11, 2020-11-10T10:04:34.497136137+01:00)
(0, 0, 0, (0.335188, 0.4956, 9.90242), (0.0585895, -0.0810933, 0.0398143), (0, 0, 0), 4.97354e+11, 2020-11-10T10:04:37.316221695+01:00)
(0, 0, 0, (-0.347159, -0.459687, 9.75877), (-0.0282295, -0.105727, 0.0617853), (0, 0, 0), 5.00154e+11, 2020-11-10T10:04:40.110952051+01:00)
(0, 0, 0, (-2.31519, 0.378284, 10.0987), (-0.057258, -0.0527306, 0.0355532), (0, 0, 0), 5.02904e+11, 2020-11-10T10:04:42.857145182+01:00)
(0, 0, 0, (-0.725443, -0.0191536, 10.8266), (-0.0283627, -0.0511327, 0.0122505), (0, 0, 0), 5.05694e+11, 2020-11-10T10:04:45.650119379+01:00)
(0, 0, 0, (-0.842759, 1.35033, 10.3046), (-0.0138484, 0.0466053, 0.0343548), (0, 0, 0), 5.08324e+11, 2020-11-10T10:04:48.276135062+01:00)
(0, 0, 0, (-1.12288, 0.490811, 9.83777), (0.010919, -0.0442085, -0.101466), (0, 0, 0), 5.11124e+11, 2020-11-10T10:04:51.074503080+01:00)
(0, 0, 0, (-0.0670376, -0.797269, 9.56244), (-0.0367516, -0.0218379, -0.0366185), (0, 0, 0), 5.13954e+11, 2020-11-10T10:04:53.905117165+01:00)
(0, 0, 0, (1.5275, 1.89621, 10.5273), (0.0315585, -0.0326237, 0.023569), (0, 0, 0), 5.16664e+11, 2020-11-10T10:04:56.617254576+01:00)
(0, 0, 0, (-1.65439, 1.01754, 10.9894), (0.0145142, -0.0502006, 0.0941427), (0, 0, 0), 5.19384e+11, 2020-11-10T10:04:59.337284690+01:00)
(0, 0, 0, (1.51553, 0.454898, 9.66539), (0.0105195, -0.0346211, 0.110388), (0, 0, 0), 5.22174e+11, 2020-11-10T10:05:02.133936707+01:00)
(0, 0, 0, (2.62644, -0.155623, 10.41), (0.0376837, -0.0440753, 0.00945422), (0, 0, 0), 5.24824e+11, 2020-11-10T10:05:04.780574278+01:00)
(0, 0, 0, (0.361524, 0.122104, 9.47864), (-0.0390153, -0.04048, -0.00386158), (0, 0, 0), 5.27514e+11, 2020-11-10T10:05:07.469912009+01:00)
(0, 0, 0, (3.13401, -0.011971, 10.7763), (0.0685764, -0.0197074, -0.0576574), (0, 0, 0), 5.30244e+11, 2020-11-10T10:05:10.197536866+01:00)
(0, 0, 0, (0.102951, 0.651223, 9.97185), (-0.023569, 0.0195742, -0.0233027), (0, 0, 0), 5.33294e+11, 2020-11-10T10:05:13.251687967+01:00)
(0, 0, 0, (-0.97444, -0.588974, 9.75637), (-0.0118511, -0.107459, -0.00506001), (0, 0, 0), 5.36604e+11, 2020-11-10T10:05:16.566644874+01:00)
(0, 0, 0, (2.45406, -1.34075, 10.7739), (-0.0141148, 0.0865527, -0.0555269), (0, 0, 0), 5.39594e+11, 2020-11-10T10:05:19.558313059+01:00)
(0, 0, 0, (-0.696713, 0.169988, 9.77792), (-0.0179763, 0.0479369, -0.031159), (0, 0, 0), 5.43164e+11, 2020-11-10T10:05:23.132043419+01:00)
(0, 0, 0, (1.91536, 0.0143652, 10.5632), (-0.00332895, 0.0131826, 0.00186421), (0, 0, 0), 5.46964e+11, 2020-11-10T10:05:26.926036343+01:00)
(0, 0, 0, (1.09894, 0.634463, 9.22486), (-0.0139816, 0.0193079, 0.00625843), (0, 0, 0), 5.49984e+11, 2020-11-10T10:05:29.944879088+01:00)
(0, 0, 0, (-0.347159, 0.0837971, 10.7212), (0.0279632, 0.0233027, 0.0428769), (0, 0, 0), 5.53464e+11, 2020-11-10T10:05:33.431868807+01:00)
(0, 0, 0, (-0.107739, -0.385466, 10.2639), (-0.0332895, -0.00492685, 0.0110521), (0, 0, 0), 5.56684e+11, 2020-11-10T10:05:36.649544370+01:00)
(0, 0, 0, (1.36709, 0.531513, 10.2017), (-0.00559264, 0.000532632, 0.0367516), (0, 0, 0), 5.59724e+11, 2020-11-10T10:05:39.692302816+01:00)
(0, 0, 0, (-0.579397, 0.71826, 10.3334), (-0.0268979, 0.0254332, 0.220643), (0, 0, 0), 5.62814e+11, 2020-11-10T10:05:42.781787119+01:00)
(0, 0, 0, (0.0047884, -0.699107, 10.5465), (0.0450074, -0.0131826, 0.24834), (0, 0, 0), 5.66024e+11, 2020-11-10T10:05:45.986110611+01:00)
(0, 0, 0, (1.36469, -0.629675, 10.6734), (-0.00332895, 0.074968, 0.0993359), (0, 0, 0), 5.69144e+11, 2020-11-10T10:05:49.111375252+01:00)
(0, 0, 0, (0.969652, -0.0742203, 10.0078), (-0.0239685, -0.0608532, 0.162187), (0, 0, 0), 5.72234e+11, 2020-11-10T10:05:52.203341644+01:00)
(0, 0, 0, (0.797269, -0.706289, 9.69412), (-0.0314253, 0.0781638, 0.129296), (0, 0, 0), 5.75284e+11, 2020-11-10T10:05:55.247423757+01:00)
(0, 0, 0, (0.519542, 0.035913, 9.73482), (-0.00266316, -0.0155795, 0.110654), (0, 0, 0), 5.78404e+11, 2020-11-10T10:05:58.371560549+01:00)
(0, 0, 0, (0.272939, 0.253785, 11.4706), (0.00266316, -0.0492685, 0.123837), (0, 0, 0), 5.81464e+11, 2020-11-10T10:06:01.428773552+01:00)
(0, 0, 0, (1.01514, 0.519542, 10.6734), (0.010919, 0.0629838, 0.0833569), (0, 0, 0), 5.84484e+11, 2020-11-10T10:06:04.456104746+01:00)
(0, 0, 0, (-0.426168, -0.433351, 10.9678), (-0.0175769, -0.0139816, 0.0601874), (0, 0, 0), 5.87624e+11, 2020-11-10T10:06:07.592583864+01:00)
(0, 0, 0, (2.11169, 0.545878, 9.96946), (-0.059788, 0.122239, -0.0492685), (0, 0, 0), 5.90564e+11, 2020-11-10T10:06:10.530401353+01:00)
(0, 0, 0, (1.57538, -1.08218, 10.5704), (-0.0207727, -0.0584564, -0.0561927), (0, 0, 0), 5.93694e+11, 2020-11-10T10:06:13.663315499+01:00)
(0, 0, 0, (-0.155623, 0.486023, 9.90721), (-0.0279632, -0.0294279, -0.101333), (0, 0, 0), 5.96674e+11, 2020-11-10T10:06:16.646293847+01:00)
(0, 0, 0, (1.61848, -0.921768, 10.7356), (0.0229032, -0.00466053, 0.0015979), (0, 0, 0), 5.99384e+11, 2020-11-10T10:06:19.345365826+01:00)
(0, 0, 0, (-2.05423, 0.011971, 10.2041), (-0.00133158, 0.0668453, 0.00785633), (0, 0, 0), 6.02084e+11, 2020-11-10T10:06:22.048353807+01:00)
(0, 0, 0, (-1.69031, 1.54665, 9.40442), (0.00319579, -0.0664459, 0.000532632), (0, 0, 0), 6.04864e+11, 2020-11-10T10:06:24.827257689+01:00)
(0, 0, 0, (-3.23935, -0.0646434, 10.8769), (0.0118511, -0.00452737, 0.0153132), (0, 0, 0), 6.07574e+11, 2020-11-10T10:06:27.540838645+01:00)
(0, 0, 0, (0.0550666, 0.840365, 10.2185), (-0.0129163, -0.0241016, -0.0649811), (0, 0, 0), 6.10344e+11, 2020-11-10T10:06:30.323738747+01:00)
(0, 0, 0, (-0.536301, 1.20668, 11.0852), (0.000133158, -0.0275637, -0.0175769), (0, 0, 0), 6.13154e+11, 2020-11-10T10:06:33.122630680+01:00)
(0, 0, 0, (0.787692, 0.0383072, 9.87848), (0.00359527, 0.00439422, 0.0569916), (0, 0, 0), 6.16054e+11, 2020-11-10T10:06:36.027832857+01:00)
(0, 0, 0, (0.122104, -0.430956, 10.1035), (-0.00346211, -0.0174437, 0.0592553), (0, 0, 0), 6.19014e+11, 2020-11-10T10:06:38.979147300+01:00)
(0, 0, 0, (1.56102, -1.66158, 10.2113), (-0.01771, -0.130628, 0.0251669), (0, 0, 0), 6.21734e+11, 2020-11-10T10:06:41.703344018+01:00)
(0, 0, 0, (-0.521936, 0.146046, 9.72285), (-0.0211721, -0.0809601, -0.0643153), (0, 0, 0), 6.24544e+11, 2020-11-10T10:06:44.513591380+01:00)
(0, 0, 0, (0.634463, -0.447716, 10.4746), (-0.00679106, -0.00639159, -0.0158458), (0, 0, 0), 6.27354e+11, 2020-11-10T10:06:47.321703489+01:00)
(0, 0, 0, (1.42216, -0.122104, 10.4483), (-0.00878843, -0.0551274, -0.0133158), (0, 0, 0), 6.30164e+11, 2020-11-10T10:06:50.130111837+01:00)
(0, 0, 0, (0.730232, -0.181959, 9.85693), (-0.00679106, -0.0214384, -0.0740359), (0, 0, 0), 6.32964e+11, 2020-11-10T10:06:52.931776040+01:00)
(0, 0, 0, (1.0726, -0.61531, 9.05726), (-0.0181095, 0.0245011, -0.0230363), (0, 0, 0), 6.35754e+11, 2020-11-10T10:06:55.722469892+01:00)
(0, 0, 0, (-2.88741, 0.217872, 9.54329), (-0.102931, -0.0717722, -0.01771), (0, 0, 0), 6.38494e+11, 2020-11-10T10:06:58.464927492+01:00)
(0, 0, 0, (-2.806, 0.035913, 10.501), (-0.0127832, -0.0179763, 0.0472711), (0, 0, 0), 6.41314e+11, 2020-11-10T10:07:01.289793358+01:00)
(0, 0, 0, (0.0502782, 0.323217, 10.173), (-0.00306264, -0.000266316, 0.0584564), (0, 0, 0), 6.44074e+11, 2020-11-10T10:07:04.044566832+01:00)
(0, 0, 0, (1.29287, -0.56982, 10.3382), (-0.0266316, 0.0153132, 0.0753675), (0, 0, 0), 6.46784e+11, 2020-11-10T10:07:06.759421672+01:00)
(0, 0, 0, (-0.670376, 0.603339, 9.47386), (-0.00213053, 0.0082558, 0.10413), (0, 0, 0), 6.49494e+11, 2020-11-10T10:07:09.466800739+01:00)
(0, 0, 0, (-2.96402, -0.229843, 11.0253), (0.0221042, -0.0259658, 0.104662), (0, 0, 0), 6.52224e+11, 2020-11-10T10:07:12.197459997+01:00)
(0, 0, 0, (-0.897826, -1.39582, 11.2049), (0.021039, -0.0117179, 0.0279632), (0, 0, 0), 6.55024e+11, 2020-11-10T10:07:14.991018592+01:00)
(0, 0, 0, (4.20901, 0.117316, 9.34217), (0.00759001, -0.0544616, -0.118244), (0, 0, 0), 6.57714e+11, 2020-11-10T10:07:17.680911069+01:00)
(0, 0, 0, (0.363919, 0.746991, 10.0102), (0.0324906, 0.0352869, -0.101067), (0, 0, 0), 6.60504e+11, 2020-11-10T10:07:20.474740169+01:00)
(0, 0, 0, (0.746991, -0.122104, 10.4387), (0.00226369, -0.0338221, -0.106793), (0, 0, 0), 6.63194e+11, 2020-11-10T10:07:23.160910819+01:00)
(0, 0, 0, (-1.32878, -0.342371, 9.65582), (-0.00932106, -0.02277, 0.0117179), (0, 0, 0), 6.65934e+11, 2020-11-10T10:07:25.904179090+01:00)
(0, 0, 0, (-1.24977, -0.416591, 9.4978), (-0.0380832, 0.0190416, 0.0251669), (0, 0, 0), 6.68594e+11, 2020-11-10T10:07:28.559963300+01:00)
